0 0.1546875 0.82109375 0.0609375 0.0265625
0 0.2375 0.80390625 0.06484375 0.04609375
0 0.45078125 0.753125 0.19375 0.11484375
0 0.4203125 0.6515625 0.02109375 0.01875
0 0.56015625 0.65625 0.24140625 0.10078125
0 0.7921875 0.69921875 0.11015625 0.096875
0 0.86171875 0.73203125 0.02265625 0.028125
0 0.9515625 0.69140625 0.0453125 0.0390625
0 0.79375 0.5625 0.0265625 0.021875
0 0.65859375 0.8375 0.0734375 0.0125
0 0.7296875 0.83828125 0.02421875 0.0109375
0 0.7921875 0.83671875 0.0265625 0.0125
0 0.89921875 0.8328125 0.09296875 0.01328125
0 0.9515625 0.84765625 0.09609375 0.01640625