0 0.49296875 0.78515625 0.0625 0.03984375
0 0.4234375 0.78828125 0.01875 0.0234375
0 0.9265625 0.54765625 0.034375 0.025
0 0.34453125 0.66953125 0.0625 0.01640625
0 0.81875 0.684375 0.059375 0.0296875
0 0.82265625 0.83203125 0.10859375 0.01875
0 0.8625 0.84765625 0.06796875 0.0125
0 0.965625 0.840625 0.06875 0.02890625
0 0.178125 0.7234375 0.0828125 0.1203125
0 0.23671875 0.7703125 0.03203125 0.03203125
0 0.22421875 0.80234375 0.0171875 0.0125
0 0.29921875 0.765625 0.0171875 0.0171875
0 0.33203125 0.70546875 0.040625 0.03515625