0 0.84296875 0.82421875 0.03984375 0.015625
0 0.77421875 0.8140625 0.0296875 0.015625
0 0.63046875 0.78203125 0.01640625 0.0171875
0 0.60390625 0.75859375 0.0390625 0.02890625
0 0.51875 0.7640625 0.12265625 0.0578125
0 0.5625 0.71484375 0.04140625 0.03515625
0 0.36484375 0.65703125 0.02109375 0.02890625
0 0.2484375 0.71171875 0.04453125 0.071875
0 0.19296875 0.67578125 0.0609375 0.0328125
0 0.04609375 0.6859375 0.0359375 0.03359375
0 0.459375 0.66015625 0.17265625 0.11796875
0 0.13828125 0.73359375 0.01328125 0.01640625
0 0.021875 0.8515625 0.01484375 0.01328125
0 0.7484375 0.796875 0.015625 0.015625