0 0.084375 0.7484375 0.05390625 0.06875
0 0.19296875 0.79609375 0.08515625 0.0609375
0 0.375 0.72890625 0.07265625 0.05859375
0 0.4453125 0.7859375 0.16875 0.053125
0 0.4 0.65703125 0.0125 0.0125
0 0.8890625 0.53984375 0.02578125 0.015625
0 0.65546875 0.8328125 0.10078125 0.01328125
0 0.7625 0.834375 0.01796875 0.01015625
0 0.82890625 0.8328125 0.08359375 0.01328125
0 0.89375 0.8453125 0.0203125 0.0140625
0 0.93671875 0.84921875 0.040625 0.0171875
0 0.9796875 0.84765625 0.02421875 0.0125
0 0.57890625 0.7046875 0.0390625 0.0328125
0 0.81171875 0.6859375 0.0390625 0.02578125
0 0.775 0.71796875 0.0609375 0.025
0 0.55546875 0.646875 0.23984375 0.078125
0 0.81484375 0.62265625 0.19375 0.1359375