0 0.084375 0.2515625 0.05390625 0.06875
0 0.19296875 0.20390625 0.08515625 0.0609375
0 0.375 0.27109375 0.07265625 0.05859375
0 0.4453125 0.2140625 0.16875 0.053125
0 0.4 0.34296875 0.0125 0.0125
0 0.8890625 0.46015625 0.02578125 0.015625
0 0.65546875 0.1671875 0.10078125 0.01328125
0 0.7625 0.165625 0.01796875 0.01015625
0 0.82890625 0.1671875 0.08359375 0.01328125
0 0.89375 0.1546875 0.0203125 0.0140625
0 0.93671875 0.15078125 0.040625 0.0171875
0 0.9796875 0.15234375 0.02421875 0.0125
0 0.57890625 0.2953125 0.0390625 0.0328125
0 0.81171875 0.3140625 0.0390625 0.02578125
0 0.775 0.28203125 0.0609375 0.025
0 0.55546875 0.353125 0.23984375 0.078125
0 0.81484375 0.37734375 0.19375 0.1359375