0 0.50703125 0.21484375 0.0625 0.03984375
0 0.5765625 0.21171875 0.01875 0.0234375
0 0.0734375 0.45234375 0.034375 0.025
0 0.65546875 0.33046875 0.0625 0.01640625
0 0.18125 0.315625 0.059375 0.0296875
0 0.17734375 0.16796875 0.10859375 0.01875
0 0.1375 0.15234375 0.06796875 0.0125
0 0.034375 0.159375 0.06875 0.02890625
0 0.821875 0.2765625 0.0828125 0.1203125
0 0.76328125 0.2296875 0.03203125 0.03203125
0 0.77578125 0.19765625 0.0171875 0.0125
0 0.70078125 0.234375 0.0171875 0.0171875
0 0.66796875 0.29453125 0.040625 0.03515625