0 0.1546875 0.17890625 0.0609375 0.0265625
0 0.2375 0.19609375 0.06484375 0.04609375
0 0.45078125 0.246875 0.19375 0.11484375
0 0.4203125 0.3484375 0.02109375 0.01875
0 0.56015625 0.34375 0.24140625 0.10078125
0 0.7921875 0.30078125 0.11015625 0.096875
0 0.86171875 0.26796875 0.02265625 0.028125
0 0.9515625 0.30859375 0.0453125 0.0390625
0 0.79375 0.4375 0.0265625 0.021875
0 0.65859375 0.1625 0.0734375 0.0125
0 0.7296875 0.16171875 0.02421875 0.0109375
0 0.7921875 0.16328125 0.0265625 0.0125
0 0.89921875 0.1671875 0.09296875 0.01328125
0 0.9515625 0.15234375 0.09609375 0.01640625