0 0.59765625 0.384375 0.63984375 0.03125
0 0.671875 0.4484375 0.65625 0.021875
0 0.71484375 0.47421875 0.5703125 0.0171875
0 0.77734375 0.50390625 0.44453125 0.03125
0 0.553125 0.6296875 0.2515625 0.02890625
0 0.6875 0.70390625 0.3125 0.1125
0 0.9109375 0.65390625 0.06484375 0.02421875
0 0.55 0.79375 0.05390625 0.028125
0 0.6921875 0.8125 0.13046875 0.0453125
0 0.3859375 0.5609375 0.06953125 0.0671875
0 0.190625 0.41015625 0.04765625 0.021875
0 0.25390625 0.30859375 0.14296875 0.0203125
0 0.4 0.15625 0.1109375 0.021875
0 0.25234375 0.19921875 0.09765625 0.0484375
0 0.84140625 0.35859375 0.26484375 0.02265625